0.022685909643769264   3.6279122923588147e-06
0.030367810279130936   1.480808623455232e-05
0.021752921864390373   1.5277173588401638e-05
0.02362912893295288   3.7531347061303677e-06
0.020680570974946022   3.817435299424687e-06
0.01939018815755844   5.706734555133153e-06
0.023396987468004227   6.083224889152916e-06
0.027695590630173683   1.1000336598954163e-05
0.022862033918499947   6.163465059216833e-06
0.025501126423478127   9.580648111295886e-06
0.02542635053396225   3.344848664710298e-05
0.024385208263993263   1.9963910744991153e-05
0.028578229248523712   7.13449262548238e-05
0.02371702902019024   2.1985708372085355e-05
0.022729363292455673   2.469513492542319e-05
0.021881049498915672   9.002841397887096e-05
0.02687234617769718   9.95878508547321e-05
0.02349012903869152   4.621562038664706e-05
0.026914553716778755   5.104799856781028e-05
0.029761163517832756   5.3836188271816354e-06
0.02590489387512207   2.2182373868417926e-05
0.03043227642774582   7.875227311160415e-05
0.02918638288974762   0.00010306483454769477
0.03141803666949272   7.47944723116234e-05
0.025870854035019875   1.9074279407504946e-05
0.02582777664065361   1.8015794921666384e-05
0.0292951799929142   4.072578303748742e-05
0.03284581005573273   2.5186049242620356e-05
0.028884626924991608   2.3490692910854705e-05
0.026391880586743355   7.254566298797727e-06
0.02591554820537567   1.0610978279146366e-05
0.02473810873925686   1.737094316922594e-05
0.028495624661445618   2.5900253604049794e-05
0.023373929783701897   8.136743417708203e-06
0.02290276810526848   8.217520189646166e-06
0.021363001316785812   3.2679804462532047e-06
0.019808676093816757   3.2024797746998956e-06
0.0214708112180233   3.419024324102793e-06
0.02338915318250656   1.149727359006647e-05
0.02515869215130806   2.106108695443254e-05
0.028254279866814613   3.17105368594639e-05
0.02415994368493557   1.707073170109652e-05
0.02340569719672203   3.490402377792634e-05
0.024377169087529182   4.0998995245900005e-05
0.025912534445524216   3.5583732824306935e-05
0.026496820151805878   2.505774136807304e-05
0.026480339467525482   3.0172621336532757e-05
0.027981042861938477   2.3965607397258282e-05
0.02599545568227768   2.079100886476226e-05
0.027102326974272728   3.409754572203383e-05
0.024492060765624046   4.8374546167906374e-05
0.02467532455921173   2.9633154554176144e-05
0.02362906001508236   8.131441063596867e-06
0.02592378295958042   2.232633050880395e-05
0.02391895279288292   8.999475539894775e-06
0.024429960176348686   4.300958153180545e-06
0.022511905059218407   3.854953774862224e-06
0.024288484826683998   3.7513714232773054e-06
0.021709704771637917   1.3002385458094068e-05
0.027678586542606354   2.0942785340594128e-05
0.022825060412287712   5.92957076150924e-06
0.02577001415193081   1.7347436369163916e-05
0.02440546080470085   9.172758836939465e-06
0.02665167860686779   5.686907024937682e-05
0.02688896656036377   3.058806760236621e-05
0.028202837333083153   4.3358533730497584e-05
0.028707964345812798   0.0001321072195423767
0.029237739741802216   3.343090429552831e-05
