0.012693965807557106 6.543426707139588e-07 0.04971172288060188 0.001282397424802184 
0.017605360597372055 3.156362708978122e-06 0.08232640475034714 0.00810242909938097 
0.011909859254956245 1.5420323506987188e-06 0.06789334863424301 0.002757120644673705 
0.013566996902227402 1.979215994651895e-06 0.07650990784168243 0.014319687150418758 
0.011670048348605633 4.0157109992833284e-07 0.04765017703175545 0.001085913274437189 
0.01086597703397274 5.438458288153925e-07 0.05789459869265556 0.0018195868469774723 
0.01250065304338932 3.701486264162668e-07 0.0516110360622406 0.003330621402710676 
0.016012588515877724 2.587308927104459e-06 0.08206681907176971 0.061163026839494705 
0.012579906731843948 7.781147814966971e-07 0.055241700261831284 0.0021109890658408403 
0.014156085439026356 7.906156497483607e-06 0.08243578672409058 0.00961548462510109 
0.013874376192688942 4.304466074245283e-06 0.07410778850317001 0.012161306105554104 
0.012863082811236382 4.014898138393619e-07 0.045428451150655746 0.002423997735604644 
0.014818928204476833 1.7416333548680996e-06 0.08437471836805344 0.017658814787864685 
0.012920712120831013 1.0236550451736548e-06 0.052287012338638306 0.007117621134966612 
0.011235369369387627 2.433894792375213e-07 0.04117780551314354 0.007617051247507334 
0.010980653576552868 2.389944313563319e-07 0.03863435983657837 0.00797217059880495 
0.013066683895885944 5.995453875584644e-07 0.04363463819026947 0.002547233598306775 
0.012281978502869606 3.3304164048786333e-07 0.048610273748636246 0.016389410942792892 
0.012689745053648949 6.168882578094781e-07 0.04668966308236122 0.006582886446267366 
0.014465809799730778 1.115790269068384e-06 0.05502525717020035 0.042730189859867096 
0.012761380523443222 4.238168287429289e-07 0.04820149019360542 0.009483165107667446 
0.015726905316114426 2.5202347387676127e-05 0.10386399179697037 0.039739325642585754 
0.01395543571561575 6.161575356600224e-07 0.0589025616645813 0.011828064918518066 
0.01501239463686943 1.5710913885413902e-06 0.08568241447210312 0.04220432788133621 
0.013284426182508469 8.531773119102581e-07 0.059673722833395004 0.006805736571550369 
0.013605264015495777 5.989173246234714e-07 0.04921633005142212 0.033321674913167953 
0.014268611557781696 7.027462061159895e-07 0.046978216618299484 0.004999219439923763 
0.015727637335658073 3.3037224511645036e-06 0.06645524501800537 0.04180830717086792 
0.01421339064836502 1.4470093674390228e-06 0.06337764114141464 0.03372157737612724 
0.013413883745670319 9.931744671121123e-07 0.06246497109532356 0.004567964002490044 
0.013096945360302925 9.024783480526821e-07 0.06696534901857376 0.004873988684266806 
0.01327041070908308 1.4077616015129024e-06 0.07631541788578033 0.004455267917364836 
0.013122238218784332 7.958892638271209e-07 0.04840651899576187 0.0037639401853084564 
0.011244884692132473 3.686682248371653e-07 0.04345937445759773 0.0007767222705297172 
0.01058996468782425 2.266086767122033e-07 0.03801345080137253 0.0005816541379317641 
0.011011384427547455 4.778177640218928e-07 0.04855798929929733 0.0019043864449486136 
0.011569139547646046 6.713744937769661e-07 0.052419308573007584 0.002553084399551153 
0.012227063067257404 6.19123795786436e-07 0.048921260982751846 0.001656898413784802 
0.012796019203960896 8.857088573677174e-07 0.05560930445790291 0.0016161996172741055 
0.013400154188275337 1.754765094119648e-06 0.09581102430820465 0.01610596477985382 
0.014296984300017357 4.399813406052999e-06 0.10887674242258072 0.01930169202387333 
0.01301203016191721 1.5666712442907738e-06 0.07618001103401184 0.00392684293910861 
0.01299694087356329 2.1939399630355183e-06 0.0739874616265297 0.004138789139688015 
0.01379682682454586 1.6604742540948791e-06 0.07522715628147125 0.006255611311644316 
0.013336674310266972 4.56087218481116e-06 0.12556642293930054 0.02173466607928276 
0.014249797910451889 2.647934024935239e-06 0.09076341241598129 0.005665313918143511 
0.013418254442512989 2.355850256208214e-06 0.08822109550237656 0.007034241687506437 
0.013799827545881271 2.8290864975133445e-06 0.08479078859090805 0.0062911431305110455 
0.013437415473163128 3.5862044569512364e-06 0.10780404508113861 0.01042606309056282 
0.013705465011298656 4.2120827856706455e-06 0.11417949199676514 0.01841038092970848 
0.011486126109957695 5.239747906671255e-07 0.05328964442014694 0.004528612829744816 
0.012057346291840076 6.197730613166641e-07 0.05424496904015541 0.0021129006054252386 
0.01252170093357563 8.848311949805066e-07 0.06754543632268906 0.0026280919555574656 
0.013498220592737198 5.5024843277351465e-06 0.11888732016086578 0.013006920926272869 
0.014262375421822071 7.192170414782595e-06 0.1159527376294136 0.0076713720336556435 
0.013792655430734158 1.0279677553626243e-06 0.0690360814332962 0.004483455792069435 
0.012487923726439476 1.067992911885085e-06 0.06374252587556839 0.0020951812621206045 
0.01308851595968008 1.4128813745628577e-06 0.07100273668766022 0.00425628712400794 
0.012912153266370296 1.7464719803683693e-06 0.07444772869348526 0.002762420801445842 
0.014357498846948147 1.1017755241482519e-06 0.06061973050236702 0.004770813509821892 
0.013325206004083157 2.5606905182939954e-06 0.06300895661115646 0.0061882915906608105 
0.014668409712612629 8.456858608951734e-07 0.05229061096906662 0.0026782695204019547 
0.01421223022043705 8.009610041881388e-07 0.053968481719493866 0.002439226256683469 
0.015077129937708378 1.2969020417585853e-06 0.06199831888079643 0.009502213448286057 
0.015083292499184608 1.3195680139688193e-06 0.052205365151166916 0.002079624217003584 
0.015215111896395683 1.260155158888665e-06 0.05370315536856651 0.004143647849559784 
0.015260707587003708 6.077472335164202e-06 0.06433388590812683 0.016203906387090683 
0.016910819336771965 6.045894679118646e-06 0.07788968831300735 0.06535019725561142 