0.012864071875810623 6.728482730977703e-07 0.05058008059859276 0.0012013573432341218 
0.017789799720048904 7.710433237662073e-06 0.08216334134340286 0.007599679287523031 
0.011692886240780354 6.04716092311719e-07 0.0675259456038475 0.0032904206309467554 
0.013552593067288399 2.681939577087178e-06 0.07638199627399445 0.014379040338099003 
0.011647680774331093 4.0911888277150865e-07 0.047510795295238495 0.0010952677112072706 
0.010859722271561623 6.271667416513083e-07 0.057852502912282944 0.0018295060144737363 
0.012788522988557816 6.199157382980047e-07 0.05037158727645874 0.0027965304907411337 
0.0157766193151474 1.8956492340294062e-06 0.07959683239459991 0.06383774429559708 
0.0125453881919384 6.952720923436573e-07 0.05471746250987053 0.0021548219956457615 
0.013799014501273632 7.42922065910534e-06 0.07442524284124374 0.010933222249150276 
0.013616897165775299 2.807131750159897e-06 0.07013583928346634 0.013439076952636242 
0.013061396777629852 5.12265899033082e-07 0.044881124049425125 0.0021137832663953304 
0.014965926297008991 1.8411363953418913e-06 0.08538120239973068 0.01685366965830326 
0.013026940636336803 1.1243840845054365e-06 0.053562331944704056 0.006787827704101801 
0.011344113387167454 3.9179047917059506e-07 0.04006180167198181 0.007369116879999638 
0.011005749925971031 2.188060648222745e-07 0.03865832835435867 0.007912760600447655 
0.012961226515471935 4.2860304461100895e-07 0.04363609850406647 0.002659166231751442 
0.012354378588497639 5.523559707398817e-07 0.048671625554561615 0.016094287857413292 
0.01264194119721651 1.6570570551266428e-06 0.046825483441352844 0.006671186536550522 
0.014415949583053589 8.425449209426006e-07 0.05464893952012062 0.04310298338532448 
0.012879431247711182 1.2895126246803557e-06 0.04785291105508804 0.009168722666800022 
0.014904559589922428 6.549848421855131e-06 0.08633551001548767 0.04798942431807518 
0.014063813723623753 1.1094326737293159e-06 0.05918089672923088 0.011402136646211147 
0.015372124500572681 3.373947492946172e-06 0.08839160948991776 0.03885631263256073 
0.013462632894515991 1.6165918168553617e-06 0.06265803426504135 0.006249502766877413 
0.013639296405017376 5.456923872770858e-07 0.04927731305360794 0.0331171415746212 
0.014394673518836498 7.676184736737923e-07 0.04674152657389641 0.004780102521181107 
0.015579351224005222 2.2590786556975218e-06 0.06436309963464737 0.042970020323991776 
0.014796790666878223 1.6781757949502207e-05 0.07669899612665176 0.030098019167780876 
0.013454880565404892 9.3771842557544e-07 0.06273165345191956 0.004458047915250063 
0.013251095078885555 1.3174872037780005e-06 0.06848836690187454 0.0045821648091077805 
0.013232260942459106 1.2763873655785574e-06 0.0758434608578682 0.0045558251440525055 
0.013166992925107479 6.82676898122736e-07 0.04851970076560974 0.003698459593579173 
0.01130941417068243 3.621900361849839e-07 0.04375298321247101 0.0007996430504135787 
0.010610094293951988 2.2254289433476515e-07 0.037950314581394196 0.0005773268640041351 
0.010805120691657066 3.479685233287455e-07 0.049959227442741394 0.002158496296033263 
0.011621873825788498 5.987849931443634e-07 0.05244961753487587 0.0024904729798436165 
0.012195084244012833 4.778953552886378e-07 0.0490851067006588 0.0016974572790786624 
0.012659474276006222 8.916327942642965e-07 0.05509870499372482 0.0018083255272358656 
0.013971347361803055 3.949989149987232e-06 0.10401960462331772 0.011780314147472382 
0.014518583193421364 5.506615252670599e-06 0.11224471777677536 0.017500296235084534 
0.012601342983543873 1.2383387684167246e-06 0.07132222503423691 0.005550699774175882 
0.012843349948525429 8.276978746835084e-07 0.0709795132279396 0.004650933668017387 
0.013459202833473682 1.1143872598040616e-06 0.07131706923246384 0.007620359770953655 
0.014432605355978012 1.235015588463284e-05 0.142251655459404 0.01228510681539774 
0.014576797373592854 3.010761247423943e-06 0.09661944210529327 0.004812016151845455 
0.01343825925141573 1.941419441209291e-06 0.08847056329250336 0.006923064589500427 
0.013533569872379303 2.1925643522990867e-06 0.08141866326332092 0.0075508118607103825 
0.01343771256506443 3.434702875892981e-06 0.10780847072601318 0.010423928499221802 
0.013706855475902557 3.917980848200386e-06 0.1141962856054306 0.018396351486444473 
0.011676975525915623 4.5527190195571166e-07 0.05268269032239914 0.00409818347543478 
0.012271705083549023 6.746816438862879e-07 0.05620627477765083 0.0018257182091474533 
0.012562507763504982 9.267628229281399e-07 0.0675344169139862 0.002525563817471266 
0.013068974018096924 3.275215249232133e-06 0.11309587210416794 0.01638731360435486 
0.013887796550989151 6.646616839134367e-06 0.10762470215559006 0.008998731151223183 
0.013763044029474258 1.967676780623151e-06 0.0687306672334671 0.004545844160020351 
0.012163455598056316 5.981745516692172e-07 0.059707220643758774 0.0025775241665542126 
0.013089078478515148 1.408167690897244e-06 0.07100837677717209 0.004254531115293503 
0.013024229556322098 1.2889715890196385e-06 0.0751030221581459 0.0025433723349124193 
0.014595831744372845 1.4254649158829125e-06 0.05810694769024849 0.004558282438665628 
0.01352615561336279 2.2536464712175075e-06 0.06646574288606644 0.005695794243365526 
0.014679571613669395 1.2572230616569868e-06 0.05236054211854935 0.002666485495865345 
0.014463684521615505 1.6008483498808346e-06 0.05593396723270416 0.0021302239038050175 
0.014878515154123306 1.4320117998067872e-06 0.06366951018571854 0.009958799928426743 
0.01507368590682745 7.965916779539839e-07 0.05212080106139183 0.002085065236315131 
0.015356291085481644 9.324994039161538e-07 0.05368008092045784 0.003940540365874767 
0.01596159115433693 5.932559724897146e-05 0.08116324990987778 0.014443241991102695 
0.016867119818925858 2.0642126401071437e-05 0.07725120335817337 0.06575853377580643 