0.011731390841305256 7.445627829838486e-07 0.06736384332180023 0.003174304263666272 
0.013221938163042068 1.2573477761179674e-06 0.07576984912157059 0.016073433682322502 
0.011616562493145466 4.726416875655559e-07 0.04739149287343025 0.0011133935768157244 
0.010815002024173737 6.262679335122812e-07 0.05764297395944595 0.0019095243187621236 
0.012881478294730186 7.51955155919859e-07 0.05137499049305916 0.002705784747377038 
0.015690086409449577 1.5673305142627214e-06 0.07914716005325317 0.06488361209630966 
0.012572539038956165 7.951115321702673e-07 0.055122651159763336 0.0021199334878474474 
0.01363468635827303 1.6994948737192317e-06 0.07225102186203003 0.011735780164599419 
0.013657484203577042 1.6488309029227821e-06 0.07050813734531403 0.01322572398930788 
0.013039899989962578 6.153588287816092e-07 0.044773586094379425 0.002139098010957241 
0.015249788761138916 1.079191679309588e-05 0.08874853700399399 0.015623909421265125 
0.012996393255889416 1.4126837868388975e-06 0.05308952182531357 0.006880064960569143 
0.011367129161953926 2.3970994789124234e-07 0.039995692670345306 0.007327655795961618 
0.010986991226673126 2.352390424675832e-07 0.03863314166665077 0.007956704124808311 
0.012893454171717167 3.886971455813182e-07 0.04413744807243347 0.002759423805400729 
0.012379144318401814 6.36361164652044e-07 0.04880858585238457 0.015998991206288338 
0.012616426683962345 3.4043182495224755e-07 0.04698164761066437 0.006722721736878157 
0.014440829865634441 6.048430236660352e-07 0.05481667071580887 0.04291578382253647 
0.012738808058202267 3.2700779684091685e-07 0.04838239401578903 0.009553026407957077 
0.015285288915038109 1.0088596354762558e-05 0.0921289473772049 0.043866243213415146 
0.01405935175716877 1.7494669464213075e-06 0.059155456721782684 0.011418779380619526 
0.015651635825634003 1.7958192984224297e-05 0.09246139228343964 0.03675944730639458 
0.013211331330239773 9.333147090728744e-07 0.05901750177145004 0.007069193292409182 
0.0137183777987957 5.794690309812722e-07 0.04973359405994415 0.03266405314207077 
0.01429226715117693 1.2066714134562062e-06 0.04684297367930412 0.0049542030319571495 
0.015660298988223076 1.772740802152839e-06 0.06536023318767548 0.0423305481672287 
0.014225047081708908 1.1001469601978897e-06 0.06348583847284317 0.03363816812634468 
0.013483668677508831 1.2464125802580384e-06 0.06297953426837921 0.004384661093354225 
0.012967806309461594 2.7937589948123787e-06 0.06679867953062057 0.005186609458178282 
0.013331852853298187 1.924773869177443e-06 0.0772051215171814 0.00430715037509799 
0.013461900874972343 6.056362053641351e-06 0.05278528854250908 0.0034744367003440857 
0.01121455803513527 2.72395510592105e-07 0.04347652196884155 0.0007748504867777228 
0.010616816580295563 1.939547615847914e-07 0.03794129565358162 0.0005765783134847879 
0.011027957312762737 5.994272669340717e-07 0.04866781085729599 0.0018936973065137863 
0.011736579239368439 7.787064646436193e-07 0.05343928560614586 0.002398766577243805 
0.012279915623366833 4.38124430957032e-07 0.048877716064453125 0.0015984843485057354 
0.012816675938665867 7.798472552167368e-07 0.05579577013850212 0.0015950874658301473 
0.013934030197560787 3.6444293982640374e-06 0.10325127094984055 0.012001524679362774 
0.014447875320911407 4.385289685160387e-06 0.11105433106422424 0.01804669201374054 
0.012729721143841743 1.221579054799804e-06 0.07181718200445175 0.0049622333608567715 
0.012751630507409573 1.3419276001513936e-06 0.0697886273264885 0.005002808757126331 
0.013720221817493439 2.590072426755796e-06 0.07388637959957123 0.0065234568901360035 
0.014229526743292809 8.857255124894436e-06 0.13772864639759064 0.013495872728526592 
0.013952843844890594 2.6637189876055345e-06 0.0876556858420372 0.006916428916156292 
0.013458571396768093 2.9188952339609386e-06 0.0887380838394165 0.006812391337007284 
0.0137800183147192 2.0139552816544892e-06 0.08446142077445984 0.006371700670570135 
0.013328751549124718 3.7077545584907057e-06 0.10629303753376007 0.011253150179982185 
0.013941201381385326 4.028504008601885e-06 0.11761130392551422 0.016219323500990868 
0.011799690313637257 7.289722248060571e-07 0.05413135886192322 0.003916471730917692 
0.012069249525666237 7.79032461650786e-07 0.05425997078418732 0.0020907626021653414 
0.01276161428540945 1.6864174767761142e-06 0.06882287561893463 0.0021524778567254543 
0.01299374084919691 3.460016841927427e-06 0.11248266696929932 0.01712913066148758 
0.01391970831900835 4.1674475141917355e-06 0.10823358595371246 0.008859836496412754 
0.013700548559427261 2.3277921172848437e-06 0.06820514798164368 0.004691635724157095 
0.012319795787334442 1.0528477787374868e-06 0.060816727578639984 0.002279512817040086 
0.012892832979559898 1.283403548768547e-06 0.07012157142162323 0.004952173680067062 
0.013022074475884438 1.188440137411817e-06 0.07508534938097 0.002546930219978094 
0.014833570457994938 1.4542981716658687e-06 0.05921017378568649 0.004461741074919701 
0.013181374408304691 1.6366311683668755e-06 0.06193983182311058 0.006638257764279842 
0.014754385687410831 9.64064724939817e-07 0.0530075877904892 0.0025981131475418806 
0.014167138375341892 6.660887947873562e-07 0.054021354764699936 0.0025171649176627398 
0.015012786723673344 1.6938670341914985e-06 0.062295109033584595 0.009639610536396503 
0.0147470124065876 9.861955732048955e-07 0.05254852771759033 0.0024227260146290064 
0.015392610803246498 9.942129963746993e-07 0.05385277792811394 0.0038973153568804264 
0.015035666525363922 8.672396347719769e-07 0.06302439421415329 0.017024699598550797 
0.016601048409938812 2.153012474082061e-06 0.07439450174570084 0.06842339038848877 