0.012775049544870853 8.615006663603708e-07 0.07985831797122955 0.020670903846621513 
0.018682362511754036 5.364510798244737e-05 0.11120020598173141 0.023286951705813408 
0.012231748551130295 1.3013237548875622e-05 0.08668939024209976 0.014661836437880993 
0.013703413307666779 4.62070738649345e-06 0.08618056774139404 0.011300588957965374 
0.011885496787726879 1.8135505115424166e-06 0.0845266580581665 0.012347075156867504 
0.01093361247330904 1.2382282648104592e-06 0.08847161382436752 0.01444171741604805 
0.013221201486885548 2.545592451497214e-06 0.08792014420032501 0.01219748705625534 
0.016079295426607132 4.745833393826615e-06 0.10645290464162827 0.036843620240688324 
0.012903419323265553 2.4281405330839334e-06 0.08925977349281311 0.012643838301301003 
0.013790538534522057 2.8142799237684812e-06 0.10037201642990112 0.017947617918252945 
0.014108484610915184 9.180070264847018e-06 0.11116036772727966 0.033977143466472626 
0.013134361244738102 3.102169330304605e-06 0.08393129706382751 0.03585539013147354 
0.015636557713150978 2.7663483706419356e-05 0.13273797929286957 0.031951241195201874 
0.013106589205563068 3.6357128010422457e-06 0.07596348971128464 0.03506997600197792 
0.011743774637579918 3.1457218483410543e-06 0.07803273946046829 0.03570951893925667 
0.011642642319202423 1.1010986781911924e-05 0.08395408093929291 0.07621278613805771 
0.01355269830673933 2.13715293284622e-06 0.07105028629302979 0.030669957399368286 
0.012716982513666153 1.3243418379715877e-06 0.08076014369726181 0.9161087870597839 
0.013725233264267445 2.670959656825289e-05 0.10716703534126282 1.0168228149414062 
0.01485839206725359 1.1296305274299812e-05 0.08054784685373306 0.18392619490623474 
0.013099147006869316 3.029634626727784e-06 0.07144273817539215 0.023535067215561867 
0.01505792886018753 6.636512807745021e-06 0.10662084072828293 0.05153299495577812 
0.014531322754919529 1.1598806850088295e-05 0.1171008050441742 0.09023241698741913 
0.015013218857347965 1.132411853177473e-05 0.14708930253982544 0.07886330783367157 
0.013726296834647655 4.578480911732186e-06 0.10154583305120468 0.03217650577425957 
0.01502586156129837 2.212764957221225e-05 0.12027165293693542 0.05977731570601463 
0.014911976642906666 5.529685495275771e-06 0.144570454955101 0.5024039149284363 
0.018406016752123833 0.00030074547976255417 0.15321099758148193 0.025945864617824554 
0.015166218392550945 3.988869593740674e-06 0.10166613012552261 0.03150952607393265 
0.01402160432189703 3.77214473701315e-06 0.09028231352567673 0.023849088698625565 
0.013910415582358837 2.642156232468551e-06 0.08730699867010117 0.006775569636374712 
0.013551974669098854 2.5748834104888374e-06 0.08965859562158585 0.006803011521697044 
0.014649229124188423 5.473819783219369e-06 0.1163821741938591 0.009348884224891663 
0.01275648269802332 3.235964413761394e-06 0.1077362522482872 0.0059831109829247 
0.011797667481005192 2.2104140953160822e-06 0.10365215688943863 0.006399050820618868 
0.011792788282036781 9.201263537761406e-07 0.08065714687108994 0.003008815459907055 
0.012398259714245796 2.2992917365627363e-06 0.10041479021310806 0.41492003202438354 
0.012011030688881874 1.2410497447490343e-06 0.07641112804412842 0.017359502613544464 
0.012731867842376232 2.145516646123724e-06 0.09909884631633759 0.4988735020160675 
0.013232295401394367 7.2809575613064226e-06 0.12622597813606262 0.08172578364610672 
0.014487706124782562 1.4186467524268664e-05 0.14647550880908966 0.1253030151128769 
0.013198078610002995 7.427939635817893e-06 0.1411726325750351 0.4524775743484497 
0.012883936986327171 7.419729172397638e-06 0.14983148872852325 0.04208659008145332 
0.013633767142891884 1.5786739822942764e-05 0.16236339509487152 0.12449844181537628 
0.013157956302165985 7.729594472039025e-06 0.15453676879405975 0.26294395327568054 
0.014536440372467041 1.1839445505756885e-05 0.16675205528736115 0.6725445985794067 
0.01434534415602684 8.873469596437644e-06 0.16509008407592773 0.4499060809612274 
0.014801420271396637 6.591407782252645e-06 0.14148864150047302 0.05681000277400017 
0.01436628308147192 1.3437188499665353e-05 0.15859772264957428 0.07820580899715424 
0.01462312787771225 1.2583403076860122e-05 0.1557663530111313 0.045411616563797 
0.012985731475055218 7.446306881320197e-06 0.1653422862291336 0.061138562858104706 
0.0140247056260705 1.3097917872073594e-05 0.1601455807685852 0.03860853984951973 
0.013579927384853363 4.912566510029137e-06 0.11829409748315811 0.07436762750148773 
0.013627959415316582 5.198987764742924e-06 0.1330638974905014 0.10948148369789124 
0.013605287298560143 4.767902282765135e-06 0.11429900676012039 0.013038942590355873 
0.013725434429943562 5.1486622396623716e-06 0.09802167862653732 0.012219694443047047 
0.012603651732206345 1.4972232520449325e-06 0.08369594067335129 0.013320271857082844 
0.013045641593635082 2.2676351818518015e-06 0.07826845347881317 0.009358803741633892 
0.011898372322320938 5.257777502265526e-06 0.12505602836608887 0.01609911024570465 
0.014016177505254745 7.672037099837326e-06 0.11113610863685608 0.27617743611335754 
0.01266979705542326 2.390375584582216e-06 0.09612209349870682 0.03755911439657211 
0.014349225908517838 3.3782034734031186e-06 0.09205882251262665 0.03025059774518013 
0.013324147090315819 2.8453714548959397e-06 0.09319833666086197 0.028270915150642395 
0.014484116807579994 1.9605859051807784e-06 0.09058119356632233 0.026600562036037445 
0.014530016109347343 4.843269834964303e-06 0.09094025939702988 0.0313178189098835 
0.015154534950852394 1.5182706192717887e-05 0.09472159296274185 0.035766299813985825 
0.015330028720200062 6.8932072281313594e-06 0.10126858204603195 0.04220537096261978 
0.016441859304904938 5.801970473839901e-06 0.09752317517995834 0.14372658729553223 