0.023057157173752785     1.138027073466219e-05
0.02664884179830551     1.1569652997422963e-05
0.02637232467532158     3.617614129325375e-05
0.031397320330142975     3.605549136409536e-05
0.02894200012087822     1.4429661860049237e-05
0.029303688555955887     1.9218059605918825e-05
0.02275550179183483     8.104889275273308e-06
0.02217870205640793     2.0311723346821964e-05
0.02473454177379608     6.032029432390118e-06
0.030685879290103912     7.666713645448908e-05
0.028401127085089684     9.65655181062175e-06
0.030934954062104225     4.1220140701625496e-05
0.022870279848575592     9.506314199825283e-06
0.02398865856230259     1.0198318705079146e-05
0.023676946759223938     1.1032684597012121e-05
0.03069555014371872     3.481077146716416e-05
0.024184877052903175     4.4572305341716856e-05
0.023932604119181633     1.0876056876440998e-05
0.029693560674786568     5.7063251006184146e-05
0.02886224538087845     1.6329462596331723e-05
0.019615119323134422     3.0550402243534336e-06
0.026326386258006096     1.5014445125416387e-05
0.024972310289740562     1.1169630852236878e-05
0.024543533101677895     8.109625923680142e-06
0.025412216782569885     3.103275957982987e-05
0.02498757839202881     1.1452299077063799e-05
0.026655392721295357     2.153003151761368e-05
0.02473435550928116     7.043229288683506e-06
0.02358289249241352     1.0441219274071045e-05
0.023752300068736076     9.047566891240422e-06
0.025856344029307365     2.4007622414501384e-05
0.026282615959644318     3.985323564847931e-05
0.023693671450018883     2.187950121879112e-05
0.02387842908501625     1.2623719158000313e-05
0.024354038760066032     5.6719454732956365e-06
0.024437356740236282     5.802411578770261e-06
0.030091755092144012     3.053969339816831e-05
0.025947732850909233     1.0722043953137472e-05
0.02329432964324951     2.4437642878183397e-06
0.02886664867401123     2.1782594558317214e-05
0.025318458676338196     2.0910774765070528e-05
0.029667386785149574     2.0756029698532075e-05
0.031216248869895935     3.839550481643528e-05
0.030141223222017288     4.0682716644369066e-05
0.027233490720391273     4.1044429963221774e-05
0.023185625672340393     5.222922936809482e-06
0.024224042892456055     3.955571628466714e-06
0.020839236676692963     5.301225883158622e-06
0.022203490138053894     6.698585821141023e-06
0.030724667012691498     2.386213054705877e-05
0.022775864228606224     1.0580364687484689e-05
0.027285262942314148     1.438995786884334e-05
0.025949543341994286     1.725434594845865e-05
0.023967886343598366     6.272513928706758e-06
0.025275520980358124     2.76380364994111e-06
0.021962948143482208     5.972889994154684e-06
0.028146767988801003     1.6994348698062822e-05
0.024864744395017624     2.0005416445201263e-05
0.023479387164115906     1.0865706826734822e-05
0.028174567967653275     8.143475497490726e-06
0.029450291767716408     1.128128951677354e-05
0.031174201518297195     1.911776780616492e-05
0.02193530835211277     2.6794805307872593e-06
0.023127809166908264     1.5438557966263033e-05
0.03835020214319229     8.911087206797674e-05
0.02698391117155552     2.104481063724961e-05
0.02531251683831215     3.7550573324551806e-05
0.027800289914011955     3.661670780275017e-05
0.028323257341980934     1.9042714484385215e-05
0.021754102781414986     1.026084373734193e-05
0.02541400119662285     9.331927685707342e-06
0.027427442371845245     8.712723683856893e-06
0.030061591416597366     2.8736623789882287e-05
0.02483356185257435     2.06205622816924e-05
0.022322067990899086     4.551624442683533e-06
0.026741497218608856     1.4065269169805106e-05
0.031729403883218765     5.0034301239065826e-05
0.026444055140018463     4.645381523005199e-06
0.024204015731811523     3.489083974272944e-05
0.022414693608880043     3.5147274957125774e-06
0.028344281017780304     3.5562916309572756e-05
0.028137972578406334     3.448849020060152e-05
0.020379651337862015     3.893845587299438e-06
0.024491557851433754     1.0946879228868056e-05
0.03467899188399315     1.135669845098164e-05
0.0290349293500185     1.3231071534391958e-05
