0.02915656566619873   7.080722571117803e-05
0.02259640023112297   2.2308213374344632e-05
0.02724730223417282   5.740324195357971e-05
0.02628711611032486   3.2974741770885885e-05
0.022985106334090233   3.7419529689941555e-05
0.02352263778448105   2.092161594191566e-05
0.027590392157435417   9.272064198739827e-05
0.02140658348798752   7.54273014536011e-06
0.027229562401771545   8.275765867438167e-05
0.0234760120511055   2.535575367801357e-05
0.024015702307224274   0.00019315117970108986
0.024308674037456512   1.1023096703866031e-05
0.02786773256957531   6.166790262795985e-05
0.028206879273056984   3.104984716628678e-05
0.021310994401574135   2.4077888156170957e-05
0.022356413304805756   4.231275397614809e-06
0.022555768489837646   0.00014501016994472593
0.02787926234304905   3.188111077179201e-05
0.026366176083683968   2.2460191758000292e-05
0.024747082963585854   2.6596238967613317e-05
0.023033633828163147   3.2799140171846375e-05
0.044547826051712036   0.0002824797702487558
0.022373022511601448   1.854493166320026e-05
0.02921098656952381   3.868129715556279e-05
0.028426893055438995   4.799189991899766e-05
0.029572097584605217   9.295897325500846e-05
0.028270544484257698   2.798255991365295e-05
0.024450168013572693   8.055500802583992e-05
0.029508715495467186   4.274159800843336e-05
0.027251090854406357   4.769656516145915e-05
0.03005991503596306   5.717623571399599e-05
0.02345929853618145   4.6459626901196316e-05
0.023846788331866264   1.3982364180264995e-05
0.02639791928231716   3.05419453070499e-05
0.03266049548983574   7.004102371865883e-05
0.022878212854266167   2.0793308067368343e-05
0.023643646389245987   1.877910654002335e-05
0.02810867503285408   3.639287024270743e-05
0.02619577944278717   5.099481495562941e-05
0.020599566400051117   7.536649718531407e-06
0.025938279926776886   1.0487864528840873e-05
0.02195398509502411   1.1371777873137034e-05
0.02110586315393448   1.2946516108058859e-05
0.022946037352085114   2.2112433725851588e-05
0.023449810221791267   2.516773747629486e-05
0.022486165165901184   7.310797172976891e-06
0.02568499743938446   3.417518746573478e-05
0.025819426402449608   4.031734715681523e-05
0.0248238667845726   3.790868504438549e-05
0.02892550639808178   4.1043051169253886e-05
0.023999588564038277   5.227316069067456e-05
0.02140130288898945   4.927857844450045e-06
0.032932355999946594   3.861361255985685e-05
0.022665448486804962   1.2997013072890695e-05
0.02160979062318802   2.0046301870024763e-05
0.030132649466395378   7.236943929456174e-05
0.025051182135939598   5.754994708695449e-05
0.022713709622621536   1.6305539247696288e-05
0.029193246737122536   3.2234795071417466e-05
0.021815771237015724   4.3363324948586524e-05
0.024291642010211945   2.084752486553043e-05
0.02567504346370697   2.5586674382793717e-05
0.032851118594408035   0.000213010745937936
0.02403019182384014   1.8533031834522262e-05
0.026471903547644615   6.618855695705861e-05
0.02435457706451416   2.24121286009904e-05
0.023783104494214058   1.0240959454677068e-05
0.022841520607471466   9.93196135823382e-06
0.033335961401462555   2.6053798137581907e-05
0.02383810095489025   2.4848886823747307e-05
0.022265342995524406   2.2705766241415404e-05
0.027926335111260414   1.7347039829473943e-05
0.02548634260892868   2.6271211027051322e-05
0.024773787707090378   8.514324872521684e-05
0.02720624953508377   2.6923124096356332e-05
0.024742908775806427   1.0682553693186492e-05
0.02133234590291977   9.064326150109991e-06
0.027908308431506157   5.180905282031745e-05
0.021462729200720787   2.8436919819796458e-05
0.02079170197248459   3.070057800869108e-06
0.027745423838496208   3.716463834280148e-05
0.028238287195563316   6.254200707189739e-05
0.02759713865816593   0.0003241049125790596
0.02362619712948799   0.00012289523147046566
0.02835344336926937   3.2838281185831875e-05
0.028068222105503082   5.005441926186904e-05
0.022989196702837944   1.4199277757143136e-05
0.023827511817216873   2.8435291824280284e-05
0.02261982671916485   2.6376212190371007e-05
0.021327586844563484   2.6264136977260932e-05
0.02266320399940014   6.572682195837842e-06
0.022867262363433838   3.3253290894208476e-05
0.02191399410367012   1.9716546376002952e-05
0.021761314943432808   1.3820936146657914e-05
0.029070788994431496   0.0001390176039421931
0.021741928532719612   2.160607800760772e-05
0.030063806101679802   4.0053451812127605e-05
0.02546682208776474   2.709535874600988e-05
0.030961086973547935   0.00011847427231259644
0.03188099339604378   0.00011953851208090782
0.02238260582089424   8.802595402812585e-06
0.02250663749873638   1.090892510546837e-05
0.027553975582122803   2.3244461772264913e-05
0.024819621816277504   1.7935963114723563e-05
0.034425221383571625   8.264300413429737e-05
0.02535020373761654   3.641123839770444e-05
0.02146982215344906   9.243894055543933e-06
0.021703019738197327   1.3382938959694002e-05
0.028686068952083588   3.510022725095041e-05
0.03207695484161377   8.377633639611304e-05
0.03241490200161934   0.0002650918031577021
0.022071590647101402   1.3080270946375094e-05
0.022326335310935974   8.774195521255024e-06
0.023825697600841522   1.6092559235403314e-05
0.024184996262192726   1.359014459012542e-05
0.029572753235697746   6.219116039574146e-05
0.02316410280764103   5.1811257435474545e-05
0.029158733785152435   3.572838249965571e-05
0.03005215898156166   2.2195243218448013e-05
0.023047558963298798   1.4314163308881689e-05
0.024531040340662003   2.926818524429109e-05
0.023203060030937195   9.726128155307379e-06
0.024058068171143532   8.26810810394818e-06
0.020707184448838234   1.2047094969602767e-05
0.02676445245742798   3.877133713103831e-05
0.024759182706475258   1.4977317732700612e-05
0.0271076038479805   2.1918311176705174e-05
0.024921922013163567   3.1470732210436836e-05
0.029973721131682396   0.00020355104061309248
0.022829748690128326   8.40042866911972e-06
0.02119220234453678   1.937574597832281e-05
0.023839227855205536   6.512355321319774e-05
0.024663172662258148   1.323701781075215e-05
0.021329719573259354   1.4113378711044788e-05
0.02394968830049038   9.766287985257804e-05
0.02866855449974537   3.313372872071341e-05
0.027516935020685196   1.3284140550240409e-05
0.022342538461089134   6.950925580895273e-06
0.03265703469514847   9.305026469519362e-05
0.026545368134975433   4.25870057370048e-05
0.032153405249118805   2.545542702137027e-05
0.026737520471215248   1.801474172680173e-05
0.025997593998908997   4.030748823424801e-05
0.019463269039988518   9.454883183934726e-06
0.023490602150559425   1.4294058019004297e-05
0.02902734838426113   0.00011025627463823184
0.027314219623804092   1.7153166481875814e-05
0.02440306730568409   0.0002846843271981925
0.024166734889149666   5.5646345572313294e-05
0.027416491881012917   2.4569419110775925e-05
0.024845242500305176   4.321406231611036e-05
0.023392312228679657   1.2505467566370498e-05
0.024728979915380478   1.435774265701184e-05
0.03133265674114227   0.00012625791714526713
0.042503662407398224   0.00011475570499897003
